0.405999990925
1.08399997577
1.33449997017
1.83349995902
4.22049990566
5.04249988729
6.61599985212
7.14899984021
9.40999978967
10.0089997763
11.4199997447
12.8359997131
13.688999694
11.3269997468
13.5264996977
16.7694996252
16.99949962
19.6554995607
24.6334994494
25.5279994294
30.1864993253
32.2899992783
34.0104992398
33.6339992482
34.582499227
34.6454992256
32.6684992698
33.8329992438
32.8324992661
35.7049992019
37.8814991533
37.4514991629
35.8079991996
36.9474991742
37.1224991702
37.9509991517
35.6039992042
36.1869991912
36.5764991825
37.0639991716
35.8174991994
36.9424991743
36.9939991731
36.3079991885
37.4084991639
36.7139991794
36.6049991818
35.6524992031
36.4734991848
36.7694991781
37.5459991608
37.806499155
36.0874991934
37.9109991526
37.3639991648
38.4129991414
36.4089991862
37.4099991638
36.5249991836
36.8019991774
36.4794991846
35.7139992017
35.2889992112
36.0994991931
38.1839991465
38.1119991481
36.7789991779
36.4844991845
37.5194991614
37.1189991703
36.3214991882
36.1549991919
36.8454991764
38.3144991436
35.255499212
37.2789991667
36.8784991757
36.7784991779
36.3199991882
36.8599991761
37.2904991665
37.2264991679
